370 548 829 781 "ESP"
1261 512 1580 759 "TO"
195 963 381 1006 "Experience"
393 965 447 1000 "the"
458 965 648 1002 "Revolution"
662 965 743 1002 "with"
757 964 893 1010 "Orange"
911 977 935 1000 "To"
944 976 1007 1000 "order"
1014 982 1067 1004 "your"
1074 976 1126 998 "v70e"
1136 981 1164 998 "on"
1174 974 1261 1004 "Orange"
1275 974 1357 1004 "please"
1367 974 1410 998 "call"
1422 973 1459 996 "150"
1467 971 1511 995 "and"
1519 974 1585 999 "press"
54 974 149 1000 "orange"
145 969 156 975 "TM"
